
strategic_region={
	id=100
	name="STRATEGICREGION_100"
	provinces={
		21 243 298 387 389 463 497 710 1013 1065 1161 1189 1203 1221 1352 1482 1578 1640 1658 1663 1709 1815 2072 2125 2132 2133 2213 2218 2298 2356 2617 2622 2671 2710 2875 2912 2914 2921 3045 3100 3199 3214 3231 3243 3253 3293 3294 3704 3787 3848 3863 3867 3926 3941 3959 4124 4172 4195 4265 4404 4485 4490 4503 4585 4728 4779 4832 4872 4917 5066 5110 5189 5296 5304 5431 5541 5557 5628 5756 5871 5900 6041 6063 6131 6132 6148 6215 6244 6298 6386 6399 6440 6488 6594 6603 6701 6735 6824 6849 6874 6911 6920 7097 7239 7637 8208 8241 8244 8305 8338 8421 8452 8467 8484 8489 8494 8513 8517 8535 8564 10296 10300 10308 10328 10329 10341 10344 10351 10354 10370 10386 10404 10448 10457 10465 10481 10492 10524 10526 10540 10541 10559 10561 10605 10616 10631 10638 10641 10659 10660 10690 10706 11352 
	}
	weather={
	}
}
