
strategic_region={
	id=46
	name="STRATEGICREGION_46"
	provinces={
		301 302 535 1085 1211 1233 1268 1368 1464 1511 1590 1838 2091 2369 2386 2454 2483 2485 2537 2635 2691 2807 2839 2907 2978 3332 3391 3415 3483 3728 3889 4052 4114 4167 4347 4381 4472 4515 4517 4610 4855 4866 4977 5278 5613 5689 5758 5809 5838 5855 5944 5954 5984 6108 6195 6279 6347 6519 6687 6705 6761 6821 7189 8073 8130 8138 8187 8192 8200 8206 8207 8227 8260 8267 8301 8306 8307 8312 8326 8375 8395 8405 8491 8520 
	}
	weather={
	}
}
