
strategic_region={
	id=73
	name="STRATEGICREGION_73"
	provinces={
		10710 10714 10718 10719 10720 10722 10723 10732 10739 10744 10750 10751 10752 10757 10763 10786 10788 10790 10791 10803 10809 10814 10817 10821 10831 10832 10833 10842 10844 10849 10851 10853 10855 10859 10861 10868 10869 10871 10872 10876 10878 10883 10887 10888 10890 10897 10902 10903 10911 10912 10917 10924 10928 10932 10934 10937 10938 10939 10941 10944 10945 10948 10949 10950 10955 10960 10966 10976 10981 10984 10995 10996 11001 11003 11007 11010 11011 11013 11014 11019 11022 11023 11029 11032 11035 11039 11040 11047 11058 11059 11060 11066 11067 11073 11077 11086 11098 11108 11110 11121 11122 11131 11133 11134 11138 11139 11140 11142 11144 11149 11152 11155 11159 11161 11163 11166 11167 11179 11181 11183 11195 11201 11203 11204 11209 11216 11219 11221 11224 11226 11228 11229 11231 11244 11245 11248 11254 11263 11266 11267 11274 11275 11276 11277 11281 11286 11293 11294 11300 11306 11309 11310 11311 
	}
	weather={
	}
}
