
strategic_region={
	id=92
	name="STRATEGICREGION_92"
	provinces={
		161 361 600 600 874 879 1248 1290 1407 1435 1676 2057 2179 2232 2232 2237 2425 2588 2779 2779 2966 3500 3619 3624 3992 4016 4587 4587 4769 4828 5055 5309 5397 5458 6290 6391 6516 6633 7107 7253 7335 7336 7369 7372 7383 7386 7400 7403 7412 7415 7419 7437 7465 7493 7510 7520 7548 7577 7605 7758 7758 7794 7794 7800 7800 7806 7807 7811 7811 7817 7817 7823 7828 7828 7833 7849 7860 7868 7875 7881 7898 7901 7903 7908 7934 
	}
	weather={
	}
}
